9072
9073
9076
9078
9083
9084
9086
9087
9091
9093
9094
9095
9096
9097
9098
9100
9101
9102
9104
9106
9109
9111
9112
9114
9119
9121
9123
9126
9127
9129
9132
9135
9136
9140
9142
9144
9150
9151
9154
9167
9188
9192
9194
9196
9200
9209
10960
11002
11573
11574
11575
11576
11577
12304
14112
14177
14178
14179
14180
14181
14182
14184
14185
14191
14192
14194
14196
14197
14198
14199
14202
14203
14205
14208
14213
14214
14215
14219
14220
14221
14223
14225
14655
15474
15534
16277
16444
16484
16589
16600
16601
16602
16603
16606
16609
16614
16618
16620
16621
16629
16631
16634
16635
16640
16645
16646
16648
16651
16652
16653
16655
16657
16658
16662
16663
16665
16667
16670
16673
16681
16685
16686
16691
16692
16693
16696
16707
16705
16718
16720
16724
16725
16727
16731
16732
16738
16740
16743
16744
16746
16750
16752
16753
16757
16759
16760
16763
16764
16768
16771
16772
16773
16774
16923
16940
16954
16955
16991
17026
17069
17087
17090
17092
17093
17112
17116
17129
17134
17135
17138
17164
17171
17191
17241
17244
17266
17267
17272
17279
17281
17284
17287
17289
17296
17298
17300
